Cu29 POTENTIAL                      exc: Vosko,Wilk,Nusair      #serial: JuKKR_v3.1-1736-gb72ea30_intel_20220915155524                                              
   2.387790775203614   4.823819747883000   2.387790775202085
  29.00000
   3.41096   0.642710152119302   0.718368235258738
484
 0.25000000D-01 0.39783834D-03
 5 1
    0  -6.48345272729D+02
    0  -7.71394003884D+01
    0  -7.57892886158D+00
    1  -6.65524022553D+01
    1  -4.47925278734D+00
  484  199   25    1
 2.1758836850407D+02 2.1818868772002D+02 2.1880418250413D+02 2.1917080012357D+02
 2.1943527651520D+02 2.1964539172666D+02 2.1982103327257D+02 2.1997296588959D+02
 2.2010765258209D+02 2.2022926611009D+02 2.2034065227170D+02 2.2044384118022D+02
 2.2054033064952D+02 2.2063125907774D+02 2.2071751091136D+02 2.2079978865627D+02
 2.2087865845977D+02 2.2095458493848D+02 2.2102795287947D+02 2.2109908620425D+02
 2.2116825888382D+02 2.2123570636213D+02 2.2130163111826D+02 2.2136621019289D+02
 2.2142959789065D+02 2.2149193115359D+02 2.2155333064180D+02 2.2161390485087D+02
 2.2167375022654D+02 2.2173295451527D+02 2.2179159627937D+02 2.2184974776072D+02
 2.2190747401065D+02 2.2196483543405D+02 2.2202188666391D+02 2.2207867888941D+02
 2.2213525855638D+02 2.2219166952899D+02 2.2224794919011D+02 2.2230414081717D+02
 2.2236027617237D+02 2.2241638839232D+02 2.2247250761818D+02 2.2252866293124D+02
 2.2258488073847D+02 2.2264118666406D+02 2.2269760390034D+02 2.2275415506526D+02
 2.2281086052673D+02 2.2286774023324D+02 2.2292481201737D+02 2.2298209340485D+02
 2.2303959990137D+02 2.2309734678391D+02 2.2315534737403D+02 2.2321361481421D+02
 2.2327216032991D+02 2.2333099499309D+02 2.2339012797464D+02 2.2344956829667D+02
 2.2350932307649D+02 2.2356939926896D+02 2.2362980190280D+02 2.2369053581387D+02
 2.2375160387451D+02 2.2381300871834D+02 2.2387475096310D+02 2.2393683092739D+02
 2.2399924684730D+02 2.2406199658551D+02 2.2412507584181D+02 2.2418847985476D+02
 2.2425220160630D+02 2.2431623351607D+02 2.2438056564005D+02 2.2444518735781D+02
 2.2451008556510D+02 2.2457524635402D+02 2.2464065319965D+02 2.2470628863311D+02
 2.2477213242219D+02 2.2483816323736D+02 2.2490435682638D+02 2.2497068767328D+02
 2.2503712716693D+02 2.2510364525309D+02 2.2517020859694D+02 2.2523678222832D+02
 2.2530332769830D+02 2.2536980471775D+02 2.2543616930809D+02 2.2550237543350D+02
 2.2556837314595D+02 2.2563411021141D+02 2.2569953024958D+02 2.2576457435441D+02
 2.2582917922901D+02 2.2589327880106D+02 2.2595680235348D+02 2.2601967613537D+02
 2.2608182148927D+02 2.2614315645850D+02 2.2620359391185D+02 2.2626304314849D+02
 2.2632140802121D+02 2.2637858854012D+02 2.2643447899590D+02 2.2648896956380D+02
 2.2654194442847D+02 2.2659328339016D+02 2.2664285999302D+02 2.2669054313548D+02
 2.2673619520442D+02 2.2677967369208D+02 2.2682082933855D+02 2.2685950775808D+02
 2.2689554759275D+02 2.2692878215131D+02 2.2695903757724D+02 2.2698613450355D+02
 2.2700988623902D+02 2.2703010044267D+02 2.2704657733211D+02 2.2705911138206D+02
 2.2706748955908D+02 2.2707149304859D+02 2.2707089552083D+02 2.2706546489117D+02
 2.2705496162224D+02 2.2703914052269D+02 2.2701774909071D+02 2.2699052935660D+02
 2.2695721627297D+02 2.2691753960657D+02 2.2687122238061D+02 2.2681798282124D+02
 2.2675753285731D+02 2.2668958012671D+02 2.2661382653865D+02 2.2652997034471D+02
 2.2643770476827D+02 2.2633672014448D+02 2.2622670262072D+02 2.2610733636901D+02
 2.2597830236023D+02 2.2583928065128D+02 2.2568994923467D+02 2.2552998640103D+02
 2.2535906966396D+02 2.2517687819676D+02 2.2498309183026D+02 2.2477739356023D+02
 2.2455946861334D+02 2.2432900701906D+02 2.2408570273584D+02 2.2382925627803D+02
 2.2355937389095D+02 2.2327577021957D+02 2.2297816751728D+02 2.2266629833889D+02
 2.2233990476356D+02 2.2199874109021D+02 2.2164257305025D+02 2.2127118047868D+02
 2.2088435648743D+02 2.2048191008045D+02 2.2006366525330D+02 2.1962946351561D+02
 2.1917916287791D+02 2.1871264024002D+02 2.1822979022179D+02 2.1773052737203D+02
 2.1721478479624D+02 2.1668251613807D+02 2.1613369395495D+02 2.1556831142292D+02
 2.1498638041140D+02 2.1438793286359D+02 2.1377301852471D+02 2.1314170595429D+02
 2.1249407987332D+02 2.1183024177415D+02 2.1115030685528D+02 2.1045440421970D+02
 2.0974267339343D+02 2.0901526411750D+02 2.0827233247712D+02 2.0751404033190D+02
 2.0674055112306D+02 2.0595202903519D+02 2.0514863460424D+02 2.0433052376659D+02
 2.0349784346006D+02 2.0265073079186D+02 2.0178930890532D+02 2.0091368658158D+02
 2.0002395472754D+02 1.9912018680344D+02 1.9820243635332D+02 1.9727073869662D+02
 1.9632510993871D+02 1.9536555033962D+02 1.9439204516325D+02 1.9340456999059D+02
 1.9240309354223D+02 1.9138758489392D+02 1.9035801800986D+02 1.8931438034123D+02
 1.8825667827041D+02 1.8718494600832D+02 1.8609925060463D+02 1.8499969959331D+02
 1.8388644390159D+02 1.8275968257929D+02 1.8161966208575D+02 1.8046667687458D+02
 1.7930106426021D+02 1.7812320059794D+02 1.7693349206886D+02 1.7573236739468D+02
 1.7452026602201D+02 1.7329762927943D+02 1.7206488813951D+02 1.7082245509135D+02
 1.6957071367333D+02 1.6831001302011D+02 1.6704066077316D+02 1.6576292148235D+02
 1.6447701361732D+02 1.6318311209863D+02 1.6188134927695D+02 1.6057182111367D+02
 1.5925459137177D+02 1.5792970048733D+02 1.5659717188013D+02 1.5525702235107D+02
 1.5390926932463D+02 1.5255394160088D+02 1.5119108640411D+02 1.4982077943005D+02
 1.4844313072301D+02 1.4705829312420D+02 1.4566646618206D+02 1.4426790230979D+02
 1.4286290812329D+02 1.4145184780686D+02 1.4003514148529D+02 1.3861326550400D+02
 1.3718674765042D+02 1.3575616427929D+02 1.3432213241977D+02 1.3288530392136D+02
 1.3144635477281D+02 1.3000597671404D+02 1.2856486439309D+02 1.2712370527301D+02
 1.2568316565935D+02 1.2424388018291D+02 1.2280643825547D+02 1.2137137499115D+02
 1.1993916027550D+02 1.1851019362684D+02 1.1708479864647D+02 1.1566322473655D+02
 1.1424564978275D+02 1.1283219117894D+02 1.1142291832465D+02 1.1001787309827D+02
 1.0861709026994D+02 1.0722062299955D+02 1.0582856405120D+02 1.0444106687371D+02
 1.0305835686867D+02 1.0168073764113D+02 1.0030858422223D+02 9.8942330525151D+01
 9.7582445799368D+01 9.6229409806793D+01 9.4883683085385D+01 9.3545682466203D+01
 9.2215757528056D+01 9.0894176655350D+01 8.9581116505772D+01 8.8276661717562D+01
 8.6980807166861D+01 8.5693468558748D+01 8.4414493277302D+01 8.3143676781093D+01
 8.1880776954132D+01 8.0625532014341D+01 7.9377674397349D+01 7.8136946978797D+01
 7.6903114240535D+01 7.5675975103687D+01 7.4455370284110D+01 7.3241191093197D+01
 7.2033382751594D+01 7.0831949252359D+01 6.9636952892381D+01 6.8448515666552D+01
 6.7266815642795D+01 6.6092085576998D+01 6.4924606890779D+01 6.3764706300290D+01
 6.2612748202119D+01 6.1469130113327D+01 6.0334274239273D+01 5.9208622460275D+01
 5.8092627767894D+01 5.6986749425905D+01 5.5891444837906D+01 5.4807165375059D+01
 5.3734349095200D+01 5.2673417583553D+01 5.1624769797150D+01 5.0588780121418D+01
 4.9565793476137D+01 4.8556124661121D+01 4.7560054739843D+01 4.6577831638132D+01
 4.5609667723591D+01 4.4655741534741D+01 4.3716196399030D+01 4.2791143104990D+01
 4.1880659346305D+01 4.0984793102862D+01 4.0103562659373D+01 3.9236960429605D+01
 3.8384953273990D+01 3.7547486485922D+01 3.6724484127888D+01 3.5915852907191D+01
 3.5121482275021D+01 3.4341247963459D+01 3.3575011657853D+01 3.2822624054651D+01
 3.2083924024105D+01 3.1358741168758D+01 3.0646894518545D+01 2.9948194689476D+01
 2.9262442256269D+01 2.8589429687795D+01 2.7928939587975D+01 2.7280746593092D+01
 2.6644615644430D+01 2.6020304089200D+01 2.5407559729992D+01 2.4806123563867D+01
 2.4215727734351D+01 2.4217097483854D+01 2.4190848442647D+01 2.4164650653705D+01
 2.4138503950315D+01 2.4112408166602D+01 2.4086363137389D+01 2.4060368698052D+01
 2.4034424684840D+01 2.4008530934504D+01 2.3982687284661D+01 2.3982687284661D+01
 2.3906487796556D+01 2.3830623400774D+01 2.3755096776472D+01 2.3679910379119D+01
 2.3605066451728D+01 2.3530567034509D+01 2.3456413975005D+01 2.3382608936494D+01
 2.3309153407030D+01 2.3236048706887D+01 2.3163295996629D+01 2.3090896283728D+01
 2.3018850429789D+01 2.2947159156443D+01 2.2875823051802D+01 2.2804842575892D+01
 2.2734218066252D+01 2.2663949742821D+01 2.2594037713194D+01 2.2524481976855D+01
 2.2455282429988D+01 2.2386438869287D+01 2.2317950996337D+01 2.2249818421056D+01
 2.2182040665692D+01 2.2114617167945D+01 2.2047547284621D+01 2.1980830294432D+01
 2.1914465401504D+01 2.1848451737735D+01 2.1782788366019D+01 2.1717474282595D+01
 2.1652508419856D+01 2.1587889648553D+01 2.1523616780378D+01 2.1459688569993D+01
 2.1396103717418D+01 2.1332860869901D+01 2.1269958624129D+01 2.1207395527921D+01
 2.1145170082420D+01 2.1083280743480D+01 2.1021725923706D+01 2.0960503993915D+01
 2.0899613284886D+01 2.0839052088766D+01 2.0839052088766D+01 2.0784425477696D+01
 2.0730013372419D+01 2.0675836689020D+01 2.0621902459088D+01 2.0568214525485D+01
 2.0514774958485D+01 2.0461585092329D+01 2.0408645500710D+01 2.0355956500591D+01
 2.0303517953704D+01 2.0251329628605D+01 2.0199390975886D+01 2.0147701423382D+01
 2.0096260157677D+01 2.0045066376737D+01 1.9994119086506D+01 1.9943417321684D+01
 1.9892959959435D+01 1.9842745914805D+01 1.9792773970834D+01 1.9743042953076D+01
 1.9693551574805D+01 1.9644298594052D+01 1.9644298594052D+01 1.9586791298251D+01
 1.9529621135612D+01 1.9472785514952D+01 1.9416281843588D+01 1.9360107530430D+01
 1.9304259988529D+01 1.9248736637481D+01 1.9193534905401D+01 1.9138652230808D+01
 1.9084086064158D+01 1.9029833869328D+01 1.8975893124815D+01 1.8922261324900D+01
 1.8868935980574D+01 1.8815914620452D+01 1.8763194791481D+01 1.8710774059677D+01
 1.8658650010544D+01 1.8606820249782D+01 1.8555282403565D+01 1.8504034118968D+01
 1.8453073064237D+01 1.8402396929072D+01 1.8352003424805D+01 1.8301890284581D+01
 1.8252055263458D+01 1.8202496138509D+01 1.8153210708853D+01 1.8104196795689D+01
 1.8055452242277D+01 1.8006974913914D+01 1.7958762697866D+01 1.7910813503304D+01
 1.7863125261194D+01 1.7815695924198D+01 1.7768523466533D+01 1.7721605883840D+01
 1.7674941193019D+01 1.7628527432068D+01 1.7582362659909D+01 1.7536444956225D+01
 1.7490772421165D+01 1.7445343175300D+01 1.7400155359311D+01 1.7355207133807D+01
 1.7310496679108D+01 1.7266022195022D+01 1.7221781900625D+01 1.7177774034035D+01
 1.7133996852182D+01 1.7090448630577D+01 1.7047127663086D+01 1.7004032261691D+01
   21
 4.5201813388858D-03 4.8002076896265D-03 5.0684178948136D-03 5.3214519982186D-03
 5.5565724982085D-03 5.7716159587479D-03 5.9649601307145D-03 6.1354785697774D-03
 6.2825015161129D-03 6.4057737656585D-03 6.5054197691448D-03 6.5819103088977D-03
 6.6360348313158D-03 6.6688771576007D-03 6.6817951727279D-03 6.6764041696411D-03
 6.6545629343472D-03 6.6183630697698D-03 6.5701208112236D-03 6.5123709248540D-03
 6.4478640558191D-03 6.3795641604002D-03 6.3106516293145D-03 6.2445234649924D-03
 6.1848027275837D-03 6.1353407543284D-03 6.1002336272167D-03 6.0838256502741D-03
 6.0907335533340D-03 6.1258502217165D-03 6.1943772711504D-03 6.3018277173452D-03
 6.4540674604484D-03 6.6573152988007D-03 6.9181938962140D-03 7.2437254925839D-03
 7.6413933579474D-03 8.1191320789915D-03 8.6854017308193D-03 9.3491731920082D-03
 1.0120019751678D-02 1.1008100955036D-02 1.2024280369514D-02 1.3180115976090D-02
 1.4488017906432D-02 1.5961258353398D-02 1.7614187631304D-02 1.9462279652740D-02
 2.1522425967724D-02 2.3813031132464D-02 2.6354400156249D-02 2.9168890188586D-02
 3.2281397590585D-02 3.5719560692520D-02 3.9514343218296D-02 4.3700273357684D-02
 4.8316117244630D-02 5.3405137787570D-02 5.9015859350105D-02 6.5202336137715D-02
 7.2025025391753D-02 7.9551065819408D-02 8.7855291089608D-02 9.7020527075701D-02
 1.0713880336877D-01 1.0715888045751D-01 1.0763648662767D-01 1.0811568640081D-01
 1.0859648348391D-01 1.0907888158508D-01 1.0956288441569D-01 1.1004849569349D-01
 1.1053571913589D-01 1.1102455846753D-01 1.1151501741277D-01 1.1151501741277D-01
 1.1038639842282D-01 1.0952925659270D-01 1.0891468068673D-01 1.0851549725599D-01
 1.0830617324875D-01 1.0826272917271D-01 1.0836265531910D-01 1.0858483637801D-01
 1.0890947855062D-01 1.0931804333813D-01 1.0979318345304D-01 1.1031868403952D-01
 1.1087940577619D-01 1.1146123220160D-01 1.1205101877208D-01 1.1263654527084D-01
 1.1320646987467D-01 1.1375028587492D-01 1.1425828000149D-01 1.1472149286429D-01
 1.1513168096894D-01 1.1548128040721D-01 1.1576337211828D-01 1.1597164846972D-01
 1.1610038140186D-01 1.1614439161807D-01 1.1609901932626D-01 1.1596009580471D-01
 1.1572391650663D-01 1.1538721481575D-01 1.1494713732129D-01 1.1440121959322D-01
 1.1374736346783D-01 1.1298381470873D-01 1.1210914215235D-01 1.1112221713810D-01
 1.1002219438244D-01 1.0880849306984D-01 1.0748077933956D-01 1.0603894893601D-01
 1.0448311120320D-01 1.0281357319873D-01 1.0103082510239D-01 9.9135525693146D-02
 9.7128489088698D-02 9.5010671503031D-02 9.5010671503031D-02 9.3112698792822D-02
 9.1237466741843D-02 8.9364633392288D-02 8.7490801837144D-02 8.5616666959058D-02
 8.3743589572768D-02 8.1874097689041D-02 8.0010357803238D-02 7.8155214296600D-02
 7.6310929322481D-02 7.4480287983838D-02 7.2665439098008D-02 7.0868984656444D-02
 6.9092888798115D-02 6.7339527678765D-02 6.5610658996644D-02 6.3908422478599D-02
 6.2234368517525D-02 6.0590404231700D-02 5.8977881471803D-02 5.7398485482413D-02
 5.5853382906325D-02 5.4344051199268D-02 5.4344051199268D-02 5.2592709094570D-02
 5.0841825630282D-02 4.9094764255775D-02 4.7354659183782D-02 4.5624428356402D-02
 4.3906785017941D-02 4.2204249736628D-02 4.0519161114472D-02 3.8853686833734D-02
 3.7209833483249D-02 3.5589456638249D-02 3.3994269814201D-02 3.2425853609377D-02
 3.0885663816410D-02 2.9375039670005D-02 2.7895211158153D-02 2.6447306426812D-02
 2.5032358339173D-02 2.3651311092817D-02 2.2305026078390D-02 2.0994287769291D-02
 1.9719808932282D-02 1.8482235847112D-02 1.7282152923148D-02 1.6120087306048D-02
 1.4996512952198D-02 1.3911854677731D-02 1.2866491740474D-02 1.1860761384189D-02
 1.0894961975252D-02 9.9693560918714D-03 9.0841732599011D-03 8.2396126336697D-03
 7.4358453723023D-03 6.6730169555065D-03 5.9512492386201D-03 5.2706424434946D-03
 4.6312769275466D-03 4.0332148863647D-03 3.4765018691536D-03 2.9611682267065D-03
 2.4872304026704D-03 2.0546921574446D-03 1.6635456617896D-03 1.3137725247808D-03
 1.0053447137219D-03 7.3822541106469D-04 5.1236978252350D-04 3.2772568555220D-04
 1.8423430497708D-04 8.1830733414351D-05 2.0444491846432D-05 6.6307247446781D-15
   25
 3.8202504907037D-03 4.0569159524666D-03 4.2835949485431D-03 4.4974477976263D-03
 4.6961608885668D-03 4.8779057841944D-03 5.0413114337588D-03 5.1854258180430D-03
 5.3096828866803D-03 5.4138669528739D-03 5.4980831966868D-03 5.5627295018060D-03
 5.6084730722126D-03 5.6362299040071D-03 5.6471476194547D-03 5.6425913902583D-03
 5.6241321773216D-03 5.5935377077528D-03 5.5527655576847D-03 5.5039579955097D-03
 5.4494397406865D-03 5.3917157934754D-03 5.3334740746238D-03 5.2775855751896D-03
 5.2271123398725D-03 5.1853093427289D-03 5.1556384048789D-03 5.1417711333545D-03
 5.1476093770171D-03 5.1772883787128D-03 5.2352043061056D-03 5.3260165078795D-03
 5.4546825745020D-03 5.6264583498500D-03 5.8469410064209D-03 6.1220654201420D-03
 6.4581561085226D-03 6.8619190212615D-03 7.3405042268273D-03 7.9014935014183D-03
 8.5529777510656D-03 9.3035433586282D-03 1.0162371714342D-02 1.1139231095006D-02
 1.2244609976202D-02 1.3489725408194D-02 1.4886705620181D-02 1.6448628455227D-02
 1.8189769878699D-02 2.0125684579582D-02 2.2273533422869D-02 2.4652211648588D-02
 2.7282760522262D-02 3.0188538696313D-02 3.3395715293741D-02 3.6933471961041D-02
 4.0834572061255D-02 4.5135579425522D-02 4.9877504626195D-02 5.5106031805021D-02
 6.0872256656761D-02 6.7232921745452D-02 7.4251273064784D-02 8.1997311254020D-02
 9.0548815513627D-02 9.0565783750594D-02 9.0969434637392D-02 9.1374432364524D-02
 9.1780780064966D-02 9.2188480872643D-02 9.2597537924239D-02 9.3007954361814D-02
 9.3419733327157D-02 9.3832877968172D-02 9.4247391432519D-02 9.4247391432519D-02
 9.3293534291193D-02 9.2569117226567D-02 9.2049705784775D-02 9.1712334209880D-02
 9.1535423134550D-02 9.1498706188856D-02 9.1583159196644D-02 9.1770936463845D-02
 9.2045309177304D-02 9.2390609445782D-02 9.2792176135563D-02 9.3236305192076D-02
 9.3710201553553D-02 9.4201934632504D-02 9.4700395261878D-02 9.5195255473599D-02
 9.5676929677340D-02 9.6136538083772D-02 9.6565871481223D-02 9.6957357803065D-02
 9.7304030024948D-02 9.7599495477667D-02 9.7837906487485D-02 9.8013932132080D-02
 9.8122731317312D-02 9.8159926738871D-02 9.8121580153362D-02 9.8004168348082D-02
 9.7804560409451D-02 9.7519995542785D-02 9.7148062175908D-02 9.6686677485347D-02
 9.6134068199001D-02 9.5488751716566D-02 9.4749518484020D-02 9.3915414609132D-02
 9.2985725696894D-02 9.1959960868571D-02 9.0837837960337D-02 8.9619268860207D-02
 8.8304345980658D-02 8.6893328832717D-02 8.5386631694006D-02 8.3784811334263D-02
 8.2088555808681D-02 8.0298673265392D-02 8.0298673265392D-02 7.8694593554019D-02
 7.7109733207532D-02 7.5526900133746D-02 7.3943223422276D-02 7.2359290356126D-02
 7.0776251033695D-02 6.9196242013914D-02 6.7621094319767D-02 6.6053211892003D-02
 6.4494506599195D-02 6.2947332282985D-02 6.1413505025376D-02 5.9895223910691D-02
 5.8394148939232D-02 5.6912288329102D-02 5.5451127606539D-02 5.4012475170772D-02
 5.2597641342922D-02 5.1208237932175D-02 4.9845407460749D-02 4.8510574220413D-02
 4.7204724204252D-02 4.5929106090229D-02 4.5929106090229D-02 4.4448951858964D-02
 4.2969185249610D-02 4.1492648895686D-02 4.0021991690399D-02 3.8559679744963D-02
 3.7108006169381D-02 3.5669101232545D-02 3.4244941413924D-02 3.2837358739433D-02
 3.1448049086110D-02 3.0078580701278D-02 2.8730401769860D-02 2.7404848141166D-02
 2.6103150184551D-02 2.4826439759903D-02 2.3575756396876D-02 2.2352053552731D-02
 2.1156204156262D-02 1.9989006200007D-02 1.8851187691987D-02 1.7743411633201D-02
 1.6666280421571D-02 1.5620340263079D-02 1.4606085073866D-02 1.3623960373304D-02
 1.2674366727641D-02 1.1757663172049D-02 1.0874170237892D-02 1.0024172948170D-02
 9.2079234684855D-03 8.4256437179474D-03 7.6775276812933D-03 6.9637436746619D-03
 6.2844363539029D-03 5.6397286718204D-03 5.0297236149750D-03 4.4545058862755D-03
 3.9141434001390D-03 3.4086887214438D-03 2.9381803462859D-03 2.5026439257699D-03
 2.1020933573063D-03 1.7365318190213D-03 1.4059526939972D-03 1.1103404390643D-03
 8.4967136226872D-04 6.2391434711059D-04 4.3303150169401D-04 2.7697875752775D-04
 1.5570640671786D-04 6.9159592515039D-05 1.7278749271232D-05 4.1518651868370D-15
    1
