305
0.000000e+00 0.000000e+00 0.000000e+00
2.265728e-19 1.039863e-02 -2.265728e-19
4.531457e-19 2.079726e-02 -4.531457e-19
-4.822678e-19 3.119589e-02 4.822678e-19
9.062913e-19 4.159452e-02 -9.062913e-19
6.835610e-18 5.199315e-02 -6.835610e-18
-9.645356e-19 6.239177e-02 9.645356e-19
-2.395025e-18 7.279040e-02 2.395025e-18
1.812583e-18 8.318903e-02 -1.812583e-18
-1.081024e-18 9.358766e-02 1.081024e-18
1.367122e-17 1.039863e-01 -1.367122e-17
2.329770e-19 1.143849e-01 -2.329770e-19
-1.929071e-18 1.247835e-01 1.929071e-18
-2.628002e-18 1.351822e-01 2.628002e-18
-4.790050e-18 1.455808e-01 4.790050e-18
-5.488982e-18 1.559794e-01 5.488982e-18
3.625165e-18 1.663781e-01 -3.625165e-18
0.000000e+00 1.767767e-01 0.000000e+00
-2.162048e-18 1.871753e-01 2.162048e-18
-4.324096e-18 1.975740e-01 4.324096e-18
2.734244e-17 2.079726e-01 -2.734244e-17
2.628002e-18 2.183712e-01 -2.628002e-18
4.659541e-19 2.287698e-01 -4.659541e-19
-1.696094e-18 2.391685e-01 1.696094e-18
-3.858142e-18 2.495671e-01 3.858142e-18
-6.020190e-18 2.599657e-01 6.020190e-18
-5.256004e-18 2.703644e-01 5.256004e-18
-7.418053e-18 2.807630e-01 7.418053e-18
-9.580101e-18 2.911616e-01 9.580101e-18
-8.815915e-18 3.015602e-01 8.815915e-18
-1.097796e-17 3.119589e-01 1.097796e-17
9.412379e-18 3.223575e-01 -9.412379e-18
7.250330e-18 3.327561e-01 -7.250330e-18
5.088282e-18 3.431548e-01 -5.088282e-18
0.000000e+00 3.535534e-01 0.000000e+00
7.641859e-19 3.639520e-01 -7.641859e-19
-4.324096e-18 3.743506e-01 4.324096e-18
-3.559910e-18 3.847493e-01 3.559910e-18
-8.648193e-18 3.951479e-01 8.648193e-18
-7.884007e-18 4.055465e-01 7.884007e-18
5.468488e-17 4.159452e-01 -5.468488e-17
-1.220810e-17 4.263438e-01 1.220810e-17
5.256004e-18 4.367424e-01 -5.256004e-18
-1.653220e-17 4.471411e-01 1.653220e-17
9.319082e-19 4.575397e-01 -9.319082e-19
-2.085630e-17 4.679383e-01 2.085630e-17
-3.392188e-18 4.783369e-01 3.392188e-18
-1.932792e-17 4.887356e-01 1.932792e-17
-7.716285e-18 4.991342e-01 7.716285e-18
2.145276e-17 5.095328e-01 -2.145276e-17
-1.204038e-17 5.199315e-01 1.204038e-17
1.712866e-17 5.303301e-01 -1.712866e-17
-1.051201e-17 5.407287e-01 1.051201e-17
5.205688e-17 5.511273e-01 -5.205688e-17
-1.483611e-17 5.615260e-01 1.483611e-17
2.628002e-18 5.719246e-01 -2.628002e-18
-1.916020e-17 5.823232e-01 1.916020e-17
-1.696094e-18 5.927219e-01 1.696094e-18
-1.763183e-17 6.031205e-01 1.763183e-17
-6.020190e-18 6.135191e-01 6.020190e-18
-2.195593e-17 6.239177e-01 2.195593e-17
-1.034429e-17 6.343164e-01 1.034429e-17
1.882476e-17 6.447150e-01 -1.882476e-17
-1.466838e-17 6.551136e-01 1.466838e-17
1.450066e-17 6.655123e-01 -1.450066e-17
-1.899248e-17 6.759109e-01 1.899248e-17
1.017656e-17 6.863095e-01 -1.017656e-17
-1.746411e-17 6.967082e-01 1.746411e-17
0.000000e+00 7.071068e-01 0.000000e+00
7.685943e-03 7.071068e-01 7.685943e-03
1.537189e-02 7.071068e-01 1.537189e-02
2.305783e-02 7.071068e-01 2.305783e-02
3.074377e-02 7.071068e-01 3.074377e-02
3.842972e-02 7.071068e-01 3.842972e-02
4.611566e-02 7.071068e-01 4.611566e-02
5.380160e-02 7.071068e-01 5.380160e-02
6.148755e-02 7.071068e-01 6.148755e-02
6.917349e-02 7.071068e-01 6.917349e-02
7.685943e-02 7.071068e-01 7.685943e-02
8.454538e-02 7.071068e-01 8.454538e-02
9.223132e-02 7.071068e-01 9.223132e-02
9.991726e-02 7.071068e-01 9.991726e-02
1.076032e-01 7.071068e-01 1.076032e-01
1.152891e-01 7.071068e-01 1.152891e-01
1.229751e-01 7.071068e-01 1.229751e-01
1.306610e-01 7.071068e-01 1.306610e-01
1.383470e-01 7.071068e-01 1.383470e-01
1.460329e-01 7.071068e-01 1.460329e-01
1.537189e-01 7.071068e-01 1.537189e-01
1.614048e-01 7.071068e-01 1.614048e-01
1.690908e-01 7.071068e-01 1.690908e-01
1.767767e-01 7.071068e-01 1.767767e-01
5.303301e-01 5.303301e-01 -3.425733e-17
5.229644e-01 5.229644e-01 -1.323524e-16
5.155987e-01 5.155987e-01 1.677138e-17
5.082330e-01 5.082330e-01 -2.819049e-18
5.008673e-01 5.008673e-01 -3.411441e-17
4.935016e-01 4.935016e-01 -5.370484e-17
4.861359e-01 4.861359e-01 1.691429e-17
4.787702e-01 4.787702e-01 -2.676135e-18
4.714045e-01 4.714045e-01 -3.397150e-17
4.640388e-01 4.640388e-01 -5.356193e-17
4.566731e-01 4.566731e-01 1.705721e-17
4.493074e-01 4.493074e-01 -1.423816e-17
4.419417e-01 4.419417e-01 -3.382858e-17
4.345760e-01 4.345760e-01 -5.341901e-17
4.272103e-01 4.272103e-01 5.495184e-18
4.198447e-01 4.198447e-01 -1.409524e-17
4.124790e-01 4.124790e-01 -3.368567e-17
4.051133e-01 4.051133e-01 -1.987625e-17
3.977476e-01 3.977476e-01 5.638097e-18
3.903819e-01 3.903819e-01 -1.395233e-17
3.830162e-01 3.830162e-01 -1.429138e-19
3.756505e-01 3.756505e-01 -1.973334e-17
3.682848e-01 3.682848e-01 5.781011e-18
3.609191e-01 3.609191e-01 -2.551435e-17
3.535534e-01 3.535534e-01 0.000000e+00
3.461877e-01 3.461877e-01 1.966188e-17
3.388220e-01 3.388220e-01 7.145691e-20
3.314563e-01 3.314563e-01 1.973334e-17
3.240906e-01 3.240906e-01 -1.156202e-17
3.167249e-01 3.167249e-01 1.980480e-17
3.093592e-01 3.093592e-01 -1.149057e-17
3.019935e-01 3.019935e-01 1.402379e-17
2.946278e-01 2.946278e-01 -1.141911e-17
2.872621e-01 2.872621e-01 1.409524e-17
2.798964e-01 2.798964e-01 -1.720012e-17
2.725307e-01 2.725307e-01 1.416670e-17
2.651650e-01 2.651650e-01 -1.712866e-17
2.577993e-01 2.577993e-01 8.385689e-18
2.504337e-01 2.504337e-01 -1.705721e-17
2.430680e-01 2.430680e-01 8.457146e-18
2.357023e-01 2.357023e-01 -1.698575e-17
2.283366e-01 2.283366e-01 8.528603e-18
2.209709e-01 2.209709e-01 -1.691429e-17
2.136052e-01 2.136052e-01 2.747592e-18
2.062395e-01 2.062395e-01 -1.684284e-17
1.988738e-01 1.988738e-01 2.819049e-18
1.915081e-01 1.915081e-01 -7.145691e-20
1.841424e-01 1.841424e-01 2.890506e-18
1.767767e-01 1.767767e-01 0.000000e+00
1.694110e-01 1.694110e-01 2.961963e-18
1.620453e-01 1.620453e-01 -8.707245e-18
1.546796e-01 1.546796e-01 -5.745283e-18
1.473139e-01 1.473139e-01 1.429138e-19
1.399482e-01 1.399482e-01 -8.600060e-18
1.325825e-01 1.325825e-01 -8.564332e-18
1.252168e-01 1.252168e-01 -2.676135e-18
1.178511e-01 1.178511e-01 1.113328e-17
1.104854e-01 1.104854e-01 -8.457146e-18
1.031197e-01 1.031197e-01 -8.421418e-18
9.575404e-02 9.575404e-02 -2.961963e-18
8.838835e-02 8.838835e-02 0.000000e+00
8.102265e-02 8.102265e-02 2.961963e-18
7.365696e-02 7.365696e-02 5.495184e-18
6.629126e-02 6.629126e-02 -4.282166e-18
5.892557e-02 5.892557e-02 1.429138e-19
5.155987e-02 5.155987e-02 2.676135e-18
4.419417e-02 4.419417e-02 0.000000e+00
3.682848e-02 3.682848e-02 -8.314232e-18
2.946278e-02 2.946278e-02 -1.429138e-19
2.209709e-02 2.209709e-02 0.000000e+00
1.473139e-02 1.473139e-02 1.429138e-19
7.365696e-03 7.365696e-03 -1.429138e-19
0.000000e+00 0.000000e+00 0.000000e+00
5.992430e-03 5.992430e-03 5.992430e-03
1.198486e-02 1.198486e-02 1.198486e-02
1.797729e-02 1.797729e-02 1.797729e-02
2.396972e-02 2.396972e-02 2.396972e-02
2.996215e-02 2.996215e-02 2.996215e-02
3.595458e-02 3.595458e-02 3.595458e-02
4.194701e-02 4.194701e-02 4.194701e-02
4.793944e-02 4.793944e-02 4.793944e-02
5.393187e-02 5.393187e-02 5.393187e-02
5.992430e-02 5.992430e-02 5.992430e-02
6.591673e-02 6.591673e-02 6.591673e-02
7.190916e-02 7.190916e-02 7.190916e-02
7.790159e-02 7.790159e-02 7.790159e-02
8.389402e-02 8.389402e-02 8.389402e-02
8.988646e-02 8.988646e-02 8.988646e-02
9.587889e-02 9.587889e-02 9.587889e-02
1.018713e-01 1.018713e-01 1.018713e-01
1.078637e-01 1.078637e-01 1.078637e-01
1.138562e-01 1.138562e-01 1.138562e-01
1.198486e-01 1.198486e-01 1.198486e-01
1.258410e-01 1.258410e-01 1.258410e-01
1.318335e-01 1.318335e-01 1.318335e-01
1.378259e-01 1.378259e-01 1.378259e-01
1.438183e-01 1.438183e-01 1.438183e-01
1.498108e-01 1.498108e-01 1.498108e-01
1.558032e-01 1.558032e-01 1.558032e-01
1.617956e-01 1.617956e-01 1.617956e-01
1.677880e-01 1.677880e-01 1.677880e-01
1.737805e-01 1.737805e-01 1.737805e-01
1.797729e-01 1.797729e-01 1.797729e-01
1.857653e-01 1.857653e-01 1.857653e-01
1.917578e-01 1.917578e-01 1.917578e-01
1.977502e-01 1.977502e-01 1.977502e-01
2.037426e-01 2.037426e-01 2.037426e-01
2.097351e-01 2.097351e-01 2.097351e-01
2.157275e-01 2.157275e-01 2.157275e-01
2.217199e-01 2.217199e-01 2.217199e-01
2.277124e-01 2.277124e-01 2.277124e-01
2.337048e-01 2.337048e-01 2.337048e-01
2.396972e-01 2.396972e-01 2.396972e-01
2.456896e-01 2.456896e-01 2.456896e-01
2.516821e-01 2.516821e-01 2.516821e-01
2.576745e-01 2.576745e-01 2.576745e-01
2.636669e-01 2.636669e-01 2.636669e-01
2.696594e-01 2.696594e-01 2.696594e-01
2.756518e-01 2.756518e-01 2.756518e-01
2.816442e-01 2.816442e-01 2.816442e-01
2.876367e-01 2.876367e-01 2.876367e-01
2.936291e-01 2.936291e-01 2.936291e-01
2.996215e-01 2.996215e-01 2.996215e-01
3.056139e-01 3.056139e-01 3.056139e-01
3.116064e-01 3.116064e-01 3.116064e-01
3.175988e-01 3.175988e-01 3.175988e-01
3.235912e-01 3.235912e-01 3.235912e-01
3.295837e-01 3.295837e-01 3.295837e-01
3.355761e-01 3.355761e-01 3.355761e-01
3.415685e-01 3.415685e-01 3.415685e-01
3.475610e-01 3.475610e-01 3.475610e-01
3.535534e-01 3.535534e-01 3.535534e-01
3.535534e-01 3.609191e-01 3.461877e-01
3.535534e-01 3.682848e-01 3.388220e-01
3.535534e-01 3.756505e-01 3.314563e-01
3.535534e-01 3.830162e-01 3.240906e-01
3.535534e-01 3.903819e-01 3.167249e-01
3.535534e-01 3.977476e-01 3.093592e-01
3.535534e-01 4.051133e-01 3.019935e-01
3.535534e-01 4.124790e-01 2.946278e-01
3.535534e-01 4.198447e-01 2.872621e-01
3.535534e-01 4.272103e-01 2.798964e-01
3.535534e-01 4.345760e-01 2.725307e-01
3.535534e-01 4.419417e-01 2.651650e-01
3.535534e-01 4.493074e-01 2.577993e-01
3.535534e-01 4.566731e-01 2.504337e-01
3.535534e-01 4.640388e-01 2.430680e-01
3.535534e-01 4.714045e-01 2.357023e-01
3.535534e-01 4.787702e-01 2.283366e-01
3.535534e-01 4.861359e-01 2.209709e-01
3.535534e-01 4.935016e-01 2.136052e-01
3.535534e-01 5.008673e-01 2.062395e-01
3.535534e-01 5.082330e-01 1.988738e-01
3.535534e-01 5.155987e-01 1.915081e-01
3.535534e-01 5.229644e-01 1.841424e-01
3.535534e-01 5.303301e-01 1.767767e-01
3.535534e-01 5.376958e-01 1.694110e-01
3.535534e-01 5.450615e-01 1.620453e-01
3.535534e-01 5.524272e-01 1.546796e-01
3.535534e-01 5.597929e-01 1.473139e-01
3.535534e-01 5.671586e-01 1.399482e-01
3.535534e-01 5.745243e-01 1.325825e-01
3.535534e-01 5.818900e-01 1.252168e-01
3.535534e-01 5.892557e-01 1.178511e-01
3.535534e-01 5.966213e-01 1.104854e-01
3.535534e-01 6.039870e-01 1.031197e-01
3.535534e-01 6.113527e-01 9.575404e-02
3.535534e-01 6.187184e-01 8.838835e-02
3.535534e-01 6.260841e-01 8.102265e-02
3.535534e-01 6.334498e-01 7.365696e-02
3.535534e-01 6.408155e-01 6.629126e-02
3.535534e-01 6.481812e-01 5.892557e-02
3.535534e-01 6.555469e-01 5.155987e-02
3.535534e-01 6.629126e-01 4.419417e-02
3.535534e-01 6.702783e-01 3.682848e-02
3.535534e-01 6.776440e-01 2.946278e-02
3.535534e-01 6.850097e-01 2.209709e-02
3.535534e-01 6.923754e-01 1.473139e-02
3.535534e-01 6.997411e-01 7.365696e-03
3.535534e-01 7.071068e-01 -2.255239e-17
3.428397e-01 7.071068e-01 1.847794e-17
3.321259e-01 7.071068e-01 -3.070129e-17
3.214122e-01 7.071068e-01 1.032904e-17
3.106984e-01 7.071068e-01 -3.885019e-17
2.999847e-01 7.071068e-01 2.180139e-18
2.892710e-01 7.071068e-01 -1.372087e-16
2.785572e-01 7.071068e-01 -5.968761e-18
2.678435e-01 7.071068e-01 -1.453576e-16
2.571297e-01 7.071068e-01 -1.411766e-17
2.464160e-01 7.071068e-01 -7.500183e-17
2.357023e-01 7.071068e-01 4.453312e-17
2.249885e-01 7.071068e-01 7.058831e-18
2.142748e-01 7.071068e-01 4.808916e-17
2.035610e-01 7.071068e-01 -1.090069e-18
1.928473e-01 7.071068e-01 3.994026e-17
1.821336e-01 7.071068e-01 -9.238970e-18
1.714198e-01 7.071068e-01 3.179136e-17
1.607061e-01 7.071068e-01 -1.738787e-17
1.499923e-01 7.071068e-01 2.364246e-17
1.392786e-01 7.071068e-01 -2.553677e-17
1.285649e-01 7.071068e-01 1.549356e-17
1.178511e-01 7.071068e-01 4.481895e-17
1.071374e-01 7.071068e-01 -4.360278e-18
9.642365e-02 7.071068e-01 3.667005e-17
8.570991e-02 7.071068e-01 3.259560e-17
7.499617e-02 7.071068e-01 2.852115e-17
6.428243e-02 7.071068e-01 2.444670e-17
5.356870e-02 7.071068e-01 2.037225e-17
4.285496e-02 7.071068e-01 1.629780e-17
3.214122e-02 7.071068e-01 1.222335e-17
2.142748e-02 7.071068e-01 8.148900e-18
1.071374e-02 7.071068e-01 4.074450e-18
0.000000e+00 7.071068e-01 0.000000e+00
